3265
1101
1405
6326
6390
905
9410
6841
4272
3881
3676
9103
7023
4017
9013
8447
6181
4662
6862
152
4672
29
2579
9812
5787
5922
1798
2708
5085
1145
3485
4397
4241
7855
1263
1093
8524
3432
1181
7997
4769
5569
6292
5620
6255
3759
6221
7396
8160
6593
7893
7264
4189
1479
9578
2128
1961
8273
2771
5751
1341
5128
3790
1572
1685
4815
7745
6246
8245
1829
4858
8636
1304
6363
8922
982
6591
2429
9204
8242
4605
7257
8575
8458
3709
832
5586
9278
3189
7196
8936
7938
8010
402
471
6299
6798
5891
4447
6937
5484
2001
2200
7428
1786
7073
6018
5356
3158
8748
2150
4492
4395
275
8222
7427
8436
6244
2998
6328
5631
4341
8530
8775
717
2272
4826
1413
336
328
3768
985
6609
1692
6162
5567
4190
4286
1743
7437
8007
4369
1512
5076
7244
2527
4964
1939
9471
4402
4134
2129
5315
4646
9516
1854
2557
1010
5990
33
9180
7455
7019
773
4010
2965
9747
1832
2456
5744
6111
5508
7682
6722
3648
2071
2576
2518
3000
8278
4791
3113
9202
1614
7484
1009
9141
9363
5967
15
824
2090
5853
6872
969
61
3257
5373
8957
6558
2412
5037
6538
4170
3789
6865
4654
4991
2212
8020
1480
5129
3912
2291
8371
8370
5391
3560
817
1111
7872
5432
1308
7405
8627
8035
4362
5784
9518
6076
8941
1599
7081
8997
6154
4327
3268
6607
9364
6939
4762
8699
1853
7305
1892
4562
3216
7482
204
8341
7096
8000
115
1658
1169
5233
7747
6072
3691
7045
4996
8186
5183
9469
527
9113
6990
1618
298
4389
6957
4097
8023
4364
1348
4354
6873
116
3399
1227
7889
6272
5305
2372
2171
8204
7360
8301
1942
2957
7608
9713
8062
4523
7567
2062
6960
6427
1023
8516
3277
3940
1332
1125
8920
1270
6052
2467
4890
7713
3460
3349
389
7842
7404
4655
3193
3269
3163
6179
4056
7760
8104
3656
75
6389
3953
9790
6205
8611
9530
1201
7743
964
5355
6339
74
2658
1222
3753
4516
1714
7072
2066
1684
4316
1876
1534
6522
6667
2157
8795
7698
3142
4567
913
5680
5247
1550
4877
5504
2597
7429
1507
2855
4338
8088
7985
2712
3971
1669
6211
6898
5966
5156
4708
3889
3045
4701
5131
5625
3738
4346
7728
6171
3906
7248
6159
2046
358
4710
3488
8815
4754
4512
6000
8690
885
2922
1596
5436
5467
2446
456
1317
4679
3580
4611
7354
7272
3963
9342
7611
5623
7539
671
2752
9391
9425
2904
6583
8459
8942
3051
8540
9261
4444
5292
3658
6743
7588
1776
4036
73
7313
8027
1139
3527
4113
4983
4392
5963
5951
9641
3122
8237
3848
8581
2575
3926
1741
373
4004
1373
128
9731
4192
5322
2984
6248
6770
5970
3644
1328
5879
5323
6992
4670
1416
4172
2972
6140
2441
8515
5678
1208
6639
7917
2652
7569
6599
3425
2362
617
2700
3526
8440
1305
5412
7677
2294
1039
1331
2805
6202
5938
868
9187
7906
2199
5248
1430
4206
4955
8046
4587
480
3222
2823
9652
6127
6406
4371
7630
4081
2701
4873
5365
1523
1278
6070
7328
2297
5022
4913
8794
2008
9658
5570
7933
3745
5772
6532
7013
7701
3452
8570
3647
2
1751
2868
9360
7994
1589
5723
7704
90
9629
8695
9596
7430
2093
2504
6131
6483
6217
3842
4530
4928
4840
2421
2635
2174
1206
9817
3692
1972
9730
1146
3206
2162
2568
9474
2588
3686
754
419
2259
2925
4900
2447
2994
4443
6252
7982
8572
5932
316
6973
9089
1621
9386
4100
1730
4238
9328
8986
1398
7730
6163
7572
586
8294
1969
9488
379
7112
7084
3154
8165
1049
8522
4217
8508
4732
6799
4653
6653
582
2366
620
1092
1113
9185
4888
6107
849
2610
6925
6320
4267
3166
2258
9318
6432
4692
52
871
726
4087
2397
217
3701
4835
7147
4973
9802
5522
8688
8364
8290
8059
6266
3653
600
7827
5375
4066
4208
6317
487
236
2678
4871
2474
694
2440
5264
234
4816
9340
6362
2411
1551
9377
5091
1639
2542
6514
5998
2553
8665
3918
6628
9827
9622
8318
4845
2947
4465
4215
1657
2054
9559
5546
3595
4423
2694
190
6304
324
386
2217
7973
5133
2530
4668
117
9786
8323
2135
1686
2774
5268
6623
2985
5660
9281
6878
8754
118
4127
9316
1504
782
5864
7212
1163
733
7315
8854
4063
6151
4986
8218
1546
1390
163
7300
1014
9533
5566
9743
4770
6201
8727
9139
2111
7453
4743
1467
4875
7671
4735
477
7355
4179
3336
2430
3693
5008
1188
1360
3340
2296
3694
7808
7263
7764
6013
6448
8891
4284
9468
1112
1575
5740
5690
1194
8344
2680
4736
6285
8755
7678
2427
6247
4811
4011
4276
6660
9226
8050
4669
7977
2236
5695
7989
6422
7590
5150
1107
1929
3063
5685
7324
5188
8991
3894
5171
6777
4471
136
558
4698
5735
4778
675
9280
3838
6738
5161
9531
8067
7003
2679
2183
5352
4556
5301
9534
9645
5058
7223
4115
755
7038
1087
7520
391
6911
4442
8709
7078
7859
2807
4974
8807
1955
7139
6426
5699
6037
9150
825
7245
4353
9436
2555
8073
1907
2724
9279
3168
1538
4426
9452
2890
3058
6582
7742
564
1729
9402
2053
5641
2716
4687
9254
6041
2914
9588
639
1124
4700
3367
5
7238
2172
7560
1683
7720
6768
7863
2408
2930
822
1500
8749
6858
5929
9395
5686
8177
6015
5239
3385
1216
5448
4273
685
8093
6370
6782
1266
7227
0
7480
923
8956
6293
3665
8705
9201
7709
1706
5643
1866
4153
2534
3612
8980
7674
6650
2607
2790
7854
5780
5600
8259
3076
7542
966
2402
2344
7599
6636
4270
448
94
2094
8419
8490
6436
267
81
4082
6183
2116
3379
8022
250
8398
1160
8940
7337
3187
3201
2132
7495
3140
1855
7825
9242
2897
2050
6800
2142
646
5979
2919
5446
9461
106
7058
7830
1402
2729
4557
4937
2490
1700
92
9142
3710
3806
5230
8430
1835
1053
125
5650
317
8390
3070
1102
3590
8421
8220
1481
3474
7281
3085
2528
224
2756
8131
4120
8758
7086
1936
148
2990
8214
5088
1515
2092
66
7054
2031
221
8619
6011
3811
2552
6621
5392
949
2793
7657
1768
8972
9282
30
4028
313
1063
5041
6613
2460
609
5753
4146
5287
1635
4781
5482
2156
4188
2414
837
8368
8990
6261
4818
440
3117
3990
4591
7034
461
9393
347
1197
5896
3598
6773
963
2110
5098
2175
5134
4848
2322
2475
1754
4085
5687
8206
5675
1195
5174
388
4750
5468
6271
1095
8265
3578
3175
7816
5954
6220
5059
6694
7392
3944
8620
3758
6794
2146
6967
5792
2830
5786
1525
1978
1569
9409
1117
7373
31
5012
9200
1017
7768
1269
9627
4400
3454
4342
1478
6626
9782
3133
5483
3655
8975
7898
2706
6366
1346
4012
6495
8438
9325
2220
4101
8578
1015
2276
6691
7102
1409
3951
1956
2437
8213
6832
4589
5944
8882
3321
1446
8445
9810
7503
4582
5275
5450
3301
570
8122
762
5289
3438
2379
6983
207
7651
5919
7580
7803
5368
8074
6454
1370
4713
8305
350
3412
7573
4780
5760
1355
3250
6239
8455
8032
8946
3596
9030
5191
4984
7235
4488
6752
2208
5266
5861
3199
4741
4564
6415
4969
1142
4682
4918
6225
970
9189
6173
8574
2452
8494
5214
7926
3351
744
668
6987
7943
7725
8913
37
349
3654
1865
7881
5291
6795
1593
4941
2147
3543
7259
649
5909
6953
5862
9541
8635
2839
3323
6063
1710
4295
845
1226
7962
2970
998
7826
6208
1340
3544
606
8107
4836
2464
5640
6765
5905
1336
8767
3440
636
9322
9373
4622
7878
88
2898
942
8908
7152
38
7221
522
8433
3493
1240
3601
6766
5411
5148
3141
6528
8332
542
3156
9237
8700
6681
4290
8860
8139
5092
5982
6655
4967
8752
7887
809
8745
4936
7477
7905
4989
2433
4945
206
4046
9297
8277
3667
8292
9167
2980
7610
2554
418
2286
1845
6459
8169
6257
6507
1681
8039
2633
9500
7915
2022
2707
4844
827
6273
8211
1245
2139
790
4821
4194
2570
299
8850
6333
8225
6579
5026
1772
4239
6486
7350
9227
9470
4441
6030
3772
5708
3841
3702
1981
6487
2327
5065
724
8875
4141
3622
6535
7506
8671
1804
4024
3611
4667
3958
2168
9602
4954
7195
8037
5050
1185
2916
247
7299
7031
4546
1233
3232
7634
6682
2266
1848
2908
6710
5805
3822
2611
5410
1452
2209
7692
1277
5300
7061
9801
6813
545
68
344
3408
7201
7890
6587
44
3466
16
7443
9222
159
5863
789
7951
8661
8282
7150
658
4107
5936
2254
9737
6972
9659
3800
4084
8708
1802
8880
1176
612
8413
5521
587
699
6213
5235
9375
9169
4427
3731
2996
1759
5934
1527
5882
7285
1411
8258
3732
8679
6200
3101
8036
8427
3370
8549
7659
7386
9244
7014
7525
3859
5390
3356
2531
1375
6243
512
4233
3233
4076
9415
8042
2395
9774
7694
6312
2095
641
1449
9501
8272
354
2514
5775
6726
4550
2604
1628
3730
3012
7218
426
109
4856
3920
8993
9581
3020
3589
6924
3776
4748
9405
5116
1624
173
1882
539
937
7939
8257
2974
689
8653
1897
9092
5844
5308
8234
759
1691
1436
4310
1708
8162
6017
4071
4409
571
6046
4880
6260
3640
7282
7606
2781
2693
595
6825
6675
405
2662
7528
2727
7551
8729
8026
4090
6518
5759
6452
6488
6289
2177
676
4786
8793
5246
7242
3627
6384
5282
7246
129
1963
9562
2520
7824
4740
8735
1246
2861
3308
2848
4799
6975
6203
9670
7229
9060
8325
7776
6228
3819
1187
23
5331
5132
9298
5725
7231
5770
3695
1433
4709
7828
1322
2470
237
482
857
8539
5928
2885
3599
1898
1793
5547
7577
3487
3375
6689
5007
4009
3878
6458
5592
6413
7479
2396
8101
4906
7901
2314
1356
8931
1856
1638
2058
2529
5178
1916
54
5262
5103
2443
6863
3503
6912
7236
7654
4574
5387
2749
6971
919
5860
6059
2313
233
4987
643
6844
9623
927
7500
5399
7733
3707
1126
3224
6014
5697
8229
377
6706
5748
3261
5110
9672
7541
492
4572
3253
3318
2634
6083
9151
6010
9755
7291
797
3934
396
6585
4608
3756
2605
370
4265
4884
3475
1186
8124
62
246
8624
9216
260
9708
9620
8520
6489
8632
5290
4561
826
7838
5027
4525
3924
1066
1325
5729
1564
6808
101
5447
466
8314
8442
407
5692
2003
631
5075
6007
4469
3706
7688
598
7317
6280
219
2940
7934
7365
9124
8487
1191
8811
6012
3266
3739
3445
5051
8424
6645
1460
4509
865
4360
5870
551
7043
1444
3270
256
4051
760
7347
3284
8284
5182
7022
654
4059
4231
5242
5642
3945
1426
5454
8716
6809
287
894
107
4637
3750
7141
1996
1016
5755
3716
8336
6555
4576
6572
8167
7382
2383
1456
3586
7491
2783
3972
1261
9067
3130
8226
4220
4155
1241
4694
6744
3286
1745
3949
7680
4388
112
1073
5285
2338
6464
6133
877
4823
8084
7216
255
8014
1626
3570
7070
9020
3118
7644
580
7267
276
6048
2123
8862
9348
5839
8267
2484
5473
5105
488
8730
6969
1150
3184
4951
4549
7464
4577
8786
7094
804
3486
86
7374
2927
5622
2738
6512
924
4476
2695
4002
5799
3977
3215
5572
5713
3751
973
76
6195
4911
9574
7840
1756
1180
9607
9426
5881
6135
2211
3050
1406
2646
8478
6288
6274
5494
4706
1539
3603
8987
7435
6606
8308
4108
3900
5579
9343
7558
8363
2283
4997
1622
5955
6068
8947
2074
2641
4309
6118
7628
9821
262
3309
4534
880
7044
9568
3434
573
6713
9276
4800
656
6434
9495
168
1068
9411
6466
5212
8358
4023
8689
6821
5102
2883
6519
7330
8401
9509
9491
2851
403
9746
6236
4595
5080
8345
9777
8496
9301
6329
3415
2343
2218
7689
103
7144
2207
2352
5384
8904
7179
6590
519
5097
1152
8928
1106
1511
3453
1352
1242
8435
7697
5588
9166
184
4914
7942
4921
9323
366
4139
8655
3975
2251
1231
4157
5993
4184
6720
4187
1696
5511
108
3214
3002
7721
1627
2002
1417
3190
2902
3903
4746
3328
4234
7596
5479
776
4047
2836
2870
8538
5649
1991
1952
9205
3785
3930
3152
9181
1238
100
5582
7633
8434
4225
89
4529
8343
7844
2884
6847
9162
5175
4514
4721
3617
5168
9246
977
1427
5492
4095
5032
9824
2435
8859
475
710
9385
2910
5656
6735
6050
4947
3062
509
4870
1761
2112
8961
1675
4460
3583
3358
5763
4348
1273
4458
1293
1906
2038
3696
4312
6085
3645
4014
3317
6053
5458
2386
2505
7937
5225
5589
1544
8566
3027
775
2370
8744
7761
6970
1498
9463
6177
2320
1734
2685
1365
3932
6147
291
7062
5980
873
3362
3473
4563
2216
279
8223
1276
3228
1796
8803
7532
6302
7176
5488
9770
6589
784
7486
1179
8297
1052
8489
1817
1037
3121
4016
3107
1006
6081
4380
7000
2651
191
4768
1764
3174
1351
1214
5010
8328
9764
965
850
6066
9249
7203
7829
4461
5512
8044
1473
7501
69
1537
3313
3911
1985
1440
8357
1757
8821
2814
7069
9291
8351
7254
3031
3450
5892
7726
9800
821
835
263
4325
4026
7377
3053
7818
5836
652
8658
7456
431
9408
6879
5067
5359
7241
8527
9499
4956
6810
7582
7787
7215
5737
2064
200
7400
557
6887
9367
9762
5673
8722
800
6123
8033
5601
5523
3774
8179
9381
9728
4003
454
2037
7563
4707
4620
3979
7237
6806
4730
9380
9014
9397
7378
6643
6989
6948
7183
997
1910
3723
3061
9572
3967
4722
7380
9767
4643
8664
4088
9435
6598
6714
5845
5319
4022
6100
9636
2760
6910
1281
1562
2966
2779
3230
6927
3305
4926
8814
3093
7384
2118
953
2226
8532
91
4326
3090
8207
3542
7375
6231
4248
1695
5401
6998
6297
6223
1810
2068
2936
9616
2937
242
4994
5039
9011
9310
9784
6818
3534
9668
1645
3884
3420
2668
6622
7507
1339
2629
9489
1937
9761
1932
6563
952
1235
4105
5203
1549
896
7489
9638
1732
6412
7449
447
728
8548
1713
561
3976
9207
1357
4151
4924
6715
1494
6670
1421
5048
1712
8061
1509
6176
5334
186
8185
6849
3704
9339
4963
8009
8112
9680
2726
6222
3792
216
4538
6134
3023
3396
9299
2731
4006
8954
9807
5135
1040
2632
6664
4296
2369
1913
1384
2670
7731
8467
8765
1072
3325
5189
2337
5855
6698
5313
4021
9416
2145
6764
6230
3847
8094
7804
2606
5914
7099
9384
6367
8271
3803
5154
8311
3040
7502
39
9230
5841
7932
6716
1376
4998
8853
1880
2361
5471
4340
9422
6219
1874
5001
1464
8407
5793
8355
4517
8116
2622
7273
6701
155
1239
7211
9099
3016
5271
4232
7230
3895
8135
6665
1561
6126
4819
9224
8531
5296
5842
5946
8633
452
9608
5109
898
2213
3766
8099
282
1830
3623
8723
8266
2798
8651
7370
8719
7258
9520
41
7424
345
7785
1831
2269
6310
2995
9087
4378
9255
7953
5069
752
162
3754
3153
8415
6114
6047
9647
702
793
6648
8626
8425
445
3685
8952
6760
280
1799
912
5298
1021
9272
8238
8347
9460
4407
1099
1822
8674
8728
4145
7190
9689
2267
5294
7041
2415
2015
2912
6080
2044
5797
417
4594
4664
6402
5531
9754
2871
673
7207
1653
266
9183
743
7526
9320
9734
281
8884
8254
1437
6385
623
9467
7581
6190
5959
6278
4616
7996
1076
6428
2816
2078
1918
9241
5867
3279
56
3272
231
4159
18
7206
1901
7336
5973
6445
4287
3231
9732
7649
4377
9473
8711
7925
8437
1410
5904
864
96
5900
6381
2230
7874
8605
4609
2273
6372
1878
1885
5559
5394
7687
9029
4684
2838
3148
5798
989
5149
3896
1050
8953
8295
1748
3315
5415
5238
5927
1666
5610
7461
9072
176
8812
2079
5151
7074
861
1945
5738
3134
3791
9086
355
7703
1196
8300
7119
9740
5206
1616
412
4118
6421
346
3046
3549
9041
1284
2304
4294
3229
6530
9309
3641
4902
5888
8497
8422
9160
5217
6671
8025
7555
2601
2860
465
6103
1290
6888
5208
1698
559
1178
2497
6723
8317
3538
4581
8382
4366
6435
3880
5138
560
6936
774
8383
220
1864
5535
501
2583
7886
7109
2780
227
5683
6855
7647
5988
3861
2103
7860
5396
5674
8595
6848
6900
2376
3905
243
1019
2011
320
3077
5507
201
2551
2223
4428
4934
6674
2803
185
1556
960
3244
993
5369
9465
5647
8864
1984
1120
1989
7849
6955
8081
618
6817
630
9077
4617
6122
2741
2151
4783
3429
9599
1790
9175
692
3892
5693
3032
283
5180
8148
3936
9025
1611
5244
8095
6004
6901
9236
1109
5746
2656
2513
872
6859
6857
4018
9440
7262
3360
893
7576
1947
2561
6001
8480
4305
8534
3281
7979
3275
46
5638
6347
130
1663
6102
4078
959
5709
4802
3426
9439
8147
6167
5583
5430
8330
1224
6721
270
1508
2638
4123
2946
6209
7247
9088
745
3948
8691
5924
4715
5106
9076
6635
9723
8432
3661
7670
6156
3387
3533
5362
6552
1578
3478
1789
1080
7744
5581
2468
6600
3087
3084
1629
8464
768
4990
7133
7039
2842
8800
8068
6856
4221
9427
241
5397
2637
8857
2261
3868
763
7154
3761
2510
9081
833
4761
6109
3463
5961
7715
245
3668
3178
5773
4575
9787
2877
3760
7310
1468
8360
6229
2794
605
6578
5192
2845
4678
9750
9610
4437
7388
98
6763
7012
6105
8704
6811
3115
6290
9829
4086
9510
6480
1707
7399
6027
7835
6787
1642
8275
1189
8846
2312
6463
4903
3973
7711
8327
2077
5348
8835
5093
4401
732
5340
8818
9093
6469
7734
1070
5702
3687
5130
2746
4230
4062
5033
8070
1212
6541
1553
6917
1483
7969
5733
7783
296
2107
2880
3574
541
3306
8629
1514
7529
8428
5393
6991
4704
7949
7821
2417
6462
8865
869
7357
6314
1873
1007
2028
6391
4505
1554
9698
1361
1207
2819
9475
1056
5908
9719
4478
6904
7888
2563
2878
5653
6485
460
7780
9218
2918
4979
4144
6094
1943
3504
3604
7710
562
4384
772
2525
3688
3577
7802
6287
9694
9006
8326
6006
8337
5875
5585
8120
7512
2471
3886
1677
6567
1547
6455
1994
2342
9431
584
6125
2063
2487
2481
5025
5293
5776
9763
2698
4121
1785
8279
1438
1930
9724
297
7955
8999
3974
6088
3715
5913
8374
2935
7913
3780
5578
1
698
2769
8466
6853
8869
6069
2865
4214
3984
5119
9356
2262
6797
8474
6875
1849
2687
642
8863
7138
5095
5886
7121
7866
4303
8827
7265
8788
8159
7308
4759
7097
6322
5457
9633
4183
5164
8669
899
9024
4927
307
6128
2692
9143
9420
9712
5615
3202
2109
3359
7978
1453
9590
7642
4602
1198
5568
7295
1702
2862
5002
6091
4480
2574
8041
7612
4143
1470
9000
9448
4548
5854
904
547
6325
9132
4558
934
1205
3673
1243
569
5357
1894
3528
3770
6822
258
9058
1727
1900
8
6779
3287
1647
8867
9192
2689
4222
9825
4623
9613
634
6702
7066
4876
5470
2929
6155
9268
2954
4163
735
9061
8439
3243
3352
4344
8201
669
7394
661
2324
8885
3860
5518
7920
6920
9640
3576
3876
9147
3010
6524
429
895
7719
660
8231
9177
428
5028
3563
9514
3585
1646
2072
8145
2238
9604
7806
884
6861
751
9589
5253
123
4398
5920
2892
5655
8492
2896
3373
3433
3444
5894
3338
6185
339
2087
4579
3797
518
5040
1574
1451
3427
4527
4289
376
6364
2462
65
6993
7368
3959
2747
9396
489
2255
4439
5404
4853
2310
9635
9524
900
1974
8822
9392
9791
9423
8472
5788
7515
888
6044
8536
416
4383
4982
6132
7950
9447
8557
1630
8187
6860
856
5906
8584
2100
7174
8631
8828
1997
8199
5280
2787
8683
1162
974
716
7609
1301
7293
7316
7759
3123
8150
8008
3985
2532
9657
1902
8129
3827
3554
7343
1167
4486
4912
268
5691
5808
9105
6186
2442
7056
6424
8510
3746
4361
9269
8156
3274
2975
2341
2933
992
1482
400
5278
9371
4435
1294
9178
1383
3467
5353
8779
8883
77
5717
5848
8799
6137
2539
5009
2086
1432
8217
2785
4897
9370
8839
7200
9736
4834
7462
3459
4930
520
1558
8852
892
2009
9706
3855
9057
9580
5917
4406
3820
8944
6169
455
7602
8040
6903
7036
701
157
4404
5143
2247
7857
8002
6269
8083
3786
4749
7329
331
3592
7846
6025
7444
7028
7981
2021
9419
8029
2636
8367
5100
4899
459
1911
4074
4343
4607
7732
6792
7613
7338
2148
1980
6829
2825
3005
2493
3407
2535
6951
2786
7411
6614
7093
8870
5662
8897
7239
8166
2355
7187
8118
1770
5965
5994
3436
5469
3832
8379
6676
8324
9704
8966
9045
5765
8392
7040
2202
9366
5872
2436
84
8787
5976
9678
2952
6174
9487
9056
481
4775
5402
803
9815
6545
85
7226
6985
7957
5761
7705
5608
9146
4829
230
7177
1693
7510
1061
1766
1013
8593
588
7896
9667
2049
1715
4216
9038
5421
2732
5739
8569
6616
5827
427
4696
8170
2301
4417
9332
7171
1928
4359
49
8804
6404
4657
781
5252
2820
4776
6571
4150
8230
195
9208
4851
4200
2986
8842
5549
5851
2999
4485
4470
9021
5490
8525
4860
6834
6876
6359
7565
9502
3064
734
2829
697
4116
5809
9598
7862
6009
8149
1933
524
3126
5371
6573
6256
8702
8900
5237
2600
202
4521
7683
9653
1457
2683
7545
5524
1560
4196
7064
9171
1668
4993
7178
4889
3500
2639
3009
7607
9663
9307
991
9283
5607
326
5066
6233
5256
7740
8582
9091
3587
3298
3643
925
9125
3783
6525
1591
2813
5226
2473
7975
3394
3392
1828
7312
9642
9727
1458
3200
2215
2757
9456
2424
1529
5147
6461
836
7325
2197
4977
2657
6874
746
7326
4413
5476
4883
7122
1345
4390
4453
6136
7017
7930
177
3337
264
987
8907
7457
7446
9361
2250
9412
855
2894
8060
7629
300
9806
1573
319
8264
2524
8554
578
971
3510
3863
1987
5659
7052
2791
3736
144
1320
340
7619
3185
552
8402
9526
6108
9700
1528
5721
2169
1450
1819
7763
5820
8416
5187
9372
8896
6354
2959
5626
321
788
1030
1419
3980
2911
947
2949
4111
8872
1407
2624
9805
7304
5016
9303
1368
5550
3839
3616
5757
6851
4960
7157
4625
3258
5286
8816
2158
1889
424
6141
5316
1075
6908
8523
9573
592
9390
2026
3029
792
2655
2070
5172
9085
1988
6580
6547
9079
6560
994
9002
7499
5241
1326
6267
4279
3022
9759
4528
2983
1397
4583
6727
9389
7092
7861
2277
4642
9522
2161
1137
5073
1631
2734
9690
9109
8950
1824
9486
8726
2360
6478
420
7853
2354
8244
1166
7180
5766
4197
8801
581
6805
3781
1821
7791
5442
2089
3943
5509
9032
1229
948
7163
2084
4005
7153
4541
2165
1307
3056
2244
9155
1337
7522
6899
8878
5676
9253
3767
638
943
5207
9362
8269
5565
3025
8887
9483
3078
9828
4477
1428
1881
1944
4944
6838
3038
4410
2584
5883
764
2521
8798
3402
1439
8663
7679
9300
47
6024
2185
4483
24
4573
9505
575
5956
8873
2425
1200
183
4789
6279
4403
5840
6719
5878
8560
2060
563
6756
8959
7640
5258
2488
5972
842
105
5017
1501
5679
4531
3484
4367
8411
4464
1962
7283
7800
4351
1643
5802
187
5634
8746
503
5335
538
4738
7186
9437
8984
1676
8949
6249
463
1086
6350
1568
1230
415
3866
1563
1029
2603
9285
8153
6833
1744
4757
8194
323
8771
4554
4681
3288
343
2214
3733
7448
8182
8417
3490
3294
9051
6308
126
5858
2315
9133
5196
3369
6332
7638
4831
6306
2815
4080
628
6968
6751
4566
7321
7907
6708
2378
8876
211
2248
8161
4073
839
3364
4980
9376
1431
3581
3858
7243
8128
9742
2876
2010
7172
2869
7984
3854
93
7774
1940
7131
8675
1783
3382
6259
7115
5251
1746
517
874
1738
1690
7001
1132
6394
2052
64
9044
4262
9164
5536
6958
9131
7075
933
9555
1570
7120
6946
1967
179
1280
9748
9407
6657
1664
193
7597
4892
2419
9324
1875
9240
25
3271
3937
6117
6620
8927
6842
1536
5277
6521
9314
2841
2096
5710
2905
8296
2431
9705
4256
4459
7351
5538
1909
9193
516
8063
7331
9304
6188
4887
5580
6045
5506
2560
9016
9532
8375
6928
9459
6157
1530
1794
7447
5558
6562
4920
7199
8625
8810
3395
6437
248
322
5229
1292
807
7213
8386
1750
810
2818
3856
3091
9080
3194
6022
3036
9577
2117
1386
6820
7876
6943
6913
6078
8696
2155
2288
6042
2381
3834
3962
9078
9605
3893
6098
8249
8349
6145
1353
6197
8871
4374
2667
4970
4281
7524
6161
8251
6718
1903
9294
2704
1157
9654
3981
6242
9529
7505
3513
1723
8243
4494
3170
3960
5417
1493
5985
9413
3919
3964
9808
990
156
2357
6148
8929
6814
2809
335
7284
3566
8420
7959
290
1002
7879
9760
6471
9039
1104
8369
3801
8676
4152
6060
2942
6963
7534
4691
6679
7916
2336
8119
9050
601
5127
6315
8921
6687
5047
5165
9618
7667
5661
1289
1765
8738
1598
3225
2895
9458
1255
9675
1803
8933
1762
5004
7155
565
749
226
9275
8918
6950
2981
8670
4723
6801
6909
7845
4
4186
8604
4387
9538
853
8684
5627
756
1491
5730
1391
1890
5240
4357
1123
5198
4790
870
7714
2173
7664
5090
8198
1517
757
2400
1055
393
653
1656
7723
9493
3873
7549
4092
3742
3515
5756
9232
8855
3530
5663
1600
2219
7813
9022
866
9209
2131
7421
1141
2043
7643
1060
3314
4001
1466
438
9353
2590
8648
632
467
3208
5618
4347
2764
7419
5594
3404
5782
9351
2592
4843
7819
1486
4418
572
5035
9684
6092
690
6282
6656
1836
8790
3565
2359
1283
2016
2303
6166
862
4322
761
3068
4714
4211
6341
7352
1809
7169
5584
6348
5333
7367
8348
1000
4479
3636
1518
9073
505
1455
6637
3718
9195
6731
6659
3159
6491
7543
5698
2282
4943
8047
7390
4805
2789
9651
1448
7990
6629
5804
9789
7998
3019
6592
2340
5500
4838
7452
1938
210
2325
8431
5493
5311
3384
12
2351
5068
5114
1915
9247
662
1705
8505
5916
4968
5167
4510
7471
40
7516
6961
7472
3054
166
3264
7552
500
9327
5876
498
2900
7810
1193
6649
436
8840
1775
2770
3988
906
6897
3267
7924
5790
3252
8188
4177
8232
9273
7618
7691
5209
3108
5441
4468
2776
3303
3446
9378
9149
9148
6556
8616
8597
5865
2545
6184
2029
5933
9007
8955
9679
978
4959
408
8590
34
6473
3793
1533
8097
2024
2030
780
1219
8623
3406
7911
6139
2023
5307
63
7002
9634
7280
1826
7673
6921
6323
4160
9595
1999
4045
3304
218
2305
935
9046
3080
9388
9655
5526
1077
3419
4731
4162
2945
6227
2891
9404
3103
5461
1079
8208
3296
7956
443
659
7584
7833
5689
787
6935
8782
5215
1298
9262
6337
1074
182
9119
7130
8200
6189
5996
9826
8391
2627
3151
9235
4499
150
1333
7414
7801
1118
4176
2463
6374
6569
5428
785
3987
3033
3672
7175
9220
4335
1704
2569
6836
3319
8276
2125
6871
7666
5267
9170
5884
6439
2330
7928
2438
8446
8005
6902
2705
1610
8456
2393
5145
1114
4376
9548
7082
7318
5169
2941
7314
4872
6295
5487
6550
4649
5670
496
4586
8287
8630
5140
1288
6685
670
2176
1291
8977
6634
9519
4260
468
2742
9266
2626
6548
6624
6235
9068
4542
8562
8283
4690
2081
1282
5416
6601
449
4699
2398
968
1091
2866
1254
5847
1808
4180
3993
2711
8241
9441
4504
2188
944
9288
1248
1462
4381
135
4590
5166
3725
5533
4020
2047
2718
8066
633
2163
3778
8528
4814
7475
3451
137
9528
1127
1697
4866
8109
3666
2252
4264
8051
1601
4673
7579
8645
988
7255
9198
8030
5591
6566
5587
8034
521
4077
6277
2595
5181
303
1011
2191
8945
6988
3591
154
4247
7603
5361
7303
6997
2621
2832
6918
8514
1045
132
5516
7010
5885
8657
8090
2887
3221
254
7307
6224
705
7129
8376
3430
7960
1869
365
3816
8823
7931
1161
2969
4606
5599
8110
8473
8503
5978
4058
4386
9158
7748
306
2075
1171
5160
2915
8817
4822
271
6311
8995
9228
8004
7566
7021
667
1392
7765
2196
5542
6087
5350
8400
769
2017
5363
4683
1595
5329
9128
4274
4251
626
3501
362
4553
5345
995
8553
2480
8293
3849
2682
9480
725
6527
1422
1673
657
5094
1151
5245
9274
8157
8158
8443
9172
1925
7366
737
4244
1085
3740
3132
7465
4539
7113
5530
8378
8479
7497
8426
7867
2302
7182
548
2817
8313
8909
5019
1485
6494
7858
7145
1026
8154
2508
6143
2950
8825
736
2232
4226
7004
5665
180
4171
3914
9248
4393
3191
2455
1619
9084
6112
9515
4771
6762
5700
1699
4297
2502
8506
2237
5715
5480
3933
4901
7944
2098
4511
3329
1867
8471
7409
4356
1781
1267
3614
4431
8511
3112
8912
2608
6930
7268
4807
887
8701
5749
4042
7766
9347
3743
6933
3573
7699
7496
5045
6294
7156
6369
812
3929
5593
3741
8923
2432
484
8849
3535
3921
3448
9536
9542
4147
8498
140
8048
9037
3505
3744
6758
9783
9211
3435
124
6981
9797
7007
708
4202
3556
9557
5995
4535
1847
9433
9034
6093
8384
453
4102
5969
4615
9265
3995
7033
6952
3409
7107
8142
4301
5295
5513
6234
956
2492
9788
2923
5989
1841
6780
1313
2665
8813
2519
308
9492
8970
999
9554
2113
2684
3312
8519
4323
8725
9358
4981
1950
2917
3238
9344
2045
2846
513
4321
2061
3380
5557
7189
4659
8393
568
5639
5309
4219
7620
3564
5177
5824
4228
6497
703
7999
4025
4638
3545
3613
6401
1221
8836
2410
1210
1096
7459
6866
2630
5975
8260
6077
8640
325
1545
6746
1587
2853
4810
1871
2788
1971
9346
4083
4971
1951
194
8184
712
7822
3465
3003
4689
3007
8152
7067
3179
3011
1034
814
494
3588
1315
4526
4568
5057
7753
7624
1057
9100
6016
4291
6033
1590
4680
7170
6949
1381
1851
4438
9564
153
537
7873
9306
4841
174
8482
7298
6778
6739
8911
4898
5714
9450
4686
7125
9258
5807
127
9130
4167
6214
8647
6630
9357
4064
9504
7592
3699
846
57
9176
3882
5342
5602
6767
7485
4503
5096
1834
4628
4372
3198
9110
9082
6520
7993
610
8115
4763
3677
390
5941
4099
5344
4506
6652
1220
2778
3561
3226
7658
996
897
1154
8759
2500
1862
2589
819
2179
8780
3540
1852
7550
624
6388
1314
9271
6005
801
50
7162
2298
6826
8934
6513
1108
1975
4472
9206
4916
3006
1184
4588
2953
8967
8452
8176
4091
8894
5498
2578
5049
6699
8756
4599
6158
9190
1737
9069
5426
3149
8603
1922
7656
1694
1842
5071
4597
414
8743
5648
6516
160
5162
8736
2353
5081
8233
4578
9296
7712
199
6425
5895
3376
834
374
2767
6542
8354
8881
4976
2867
2650
5548
3815
5628
954
1632
9
7181
9152
4547
1671
9333
1295
9674
4817
3729
2979
3209
7011
8706
2270
7544
2978
8476
8580
4613
1385
7706
5232
4908
1300
8262
4793
8594
3531
4610
6353
4240
9179
83
3476
8136
8973
6138
8338
7995
4224
6298
6062
2234
8979
4411
3747
410
3659
4491
1119
5893
7168
9031
8715
1442
6944
6361
9004
6775
3236
9776
5407
3762
4933
4867
9243
1588
5831
5918
2512
8586
6982
847
682
8717
5810
7018
4182
1946
9780
4258
1703
1441
5561
8087
7626
167
3203
4584
8556
1327
791
613
7051
4050
2182
739
1615
9697
5153
8250
6586
4212
1253
6627
4044
9245
4812
8831
8113
6553
7395
1251
6651
4250
4869
1321
4520
3065
5722
2036
2137
6554
7540
3850
5072
2702
890
6669
9042
8350
1098
5276
6368
1724
5711
228
9745
7625
8919
5338
5635
3952
3114
3524
3470
169
7391
5023
8951
4373
6142
95
3378
4173
1153
9114
2122
5159
4055
4809
8673
2227
369
464
6539
6696
6020
292
9563
4168
8915
7387
315
7738
7601
2159
3824
7548
8939
5510
2144
2934
5571
7080
7570
60
4640
8571
3326
2893
2613
3752
6789
9547
6884
2371
7923
3683
5304
6882
1721
684
3374
6894
5515
2766
5418
2710
7063
715
6121
1948
3333
5222
3558
9305
1552
1471
7292
7348
4569
5195
3983
8235
4728
8197
1662
7591
7675
8236
7250
6931
8495
3483
8021
7641
986
5781
4724
4896
7071
6725
625
5741
3060
9496
8533
700
7
4181
8892
2844
779
6493
3818
7322
741
9182
7134
4785
8757
6484
5890
4164
6054
8983
5078
3089
3246
2772
5764
5163
8685
2367
2495
5552
7214
6232
143
5598
6978
7108
5694
9695
131
4448
8451
750
8253
9796
3280
3127
6559
7562
2536
2389
238
6207
2451
9552
4660
3957
9614
1899
5031
9136
5534
3902
5463
637
2243
778
3782
458
9676
1846
1904
2547
120
9466
8567
9601
3186
9650
3939
1973
8544
2744
7880
5903
111
5703
9005
7605
3008
1784
1001
2256
3621
9692
2967
2235
9429
7412
2004
7478
6268
6941
9682
2714
2285
381
8091
753
3073
6966
8329
2477
4089
5036
3796
3507
5326
7948
5255
4368
8769
7669
8837
8475
6357
1097
2612
5211
8805
8418
2076
6356
3721
915
4069
5957
2057
2241
6711
2164
6377
1773
5435
9368
9070
6206
3678
7635
6043
7983
5379
9052
2543
3161
7217
5541
1717
4201
9521
2666
293
5943
2401
6640
3262
6544
6438
5651
7811
3469
3348
6610
4122
6067
1232
9414
3013
597
8423
635
5389
3390
8377
2811
9785
4952
2559
4962
3439
209
8737
6959
5013
6411
619
8189
7632
7020
2765
1271
6619
2847
961
5795
6796
3950
5460
4847
5590
914
9648
8412
7100
3146
860
2195
3039
3334
1078
7798
2130
6124
9666
2005
3416
3913
748
2968
3210
6498
2991
8291
1787
8588
1651
1403
6316
432
2920
6517
7870
7788
8024
5532
3935
3098
2516
6291
4363
3675
7762
5616
3559
4245
1620
7941
7645
1158
2840
5142
1649
7557
3464
4269
7055
8086
1594
4598
3135
32
3283
9586
5336
7790
3711
7749
2275
1490
7781
4243
6692
4333
2620
5949
5341
4462
2308
6064
4495
3807
9717
7270
3242
3681
3532
7684
9819
6327
7908
9163
1555
5043
508
723
6028
6342
771
4915
1177
327
9632
8985
7595
7294
6540
622
8829
2385
4204
51
4502
2278
1665
8469
9313
7425
6450
6382
364
7335
9354
1484
8721
4865
5193
141
6812
3662
8274
1371
7817
7488
9664
2857
3481
3997
8589
2585
8585
1362
1896
9286
9570
8080
5825
1272
4414
2501
9028
2300
2743
4489
3837
2748
4456
8682
8477
1718
8500
1771
5942
5281
4399
6816
3885
9517
2264
7518
3632
385
8890
8168
6868
2906
1173
7935
146
5377
4555
9778
9156
8460
8607
1247
4394
7185
8395
5813
3651
6896
6451
1135
2407
8579
4130
1324
5968
5055
722
3825
9400
3235
3017
9512
110
9341
2955
4098
305
2703
8784
2240
4203
3698
4149
7148
6032
82
5562
3898
2245
5372
8707
859
3331
7902
2690
4048
4923
2558
9565
6611
5306
6922
4648
3082
6523
863
4600
1174
6781
1143
981
9140
3144
3468
9047
4065
1415
2292
3136
5991
8713
1548
6529
5705
4846
7556
3310
5337
8868
6867
2740
5948
3712
8346
553
4008
8568
5605
8583
6705
8654
3917
5216
1688
2644
3509
8598
4199
6071
7381
9696
7792
1488
655
3703
2450
9617
5633
289
2750
2763
1670
2339
9118
6890
8286
6276
133
3339
4169
7884
2458
9798
2085
9715
4734
2617
8547
7637
2204
7546
8454
7617
7553
8724
8303
2239
2206
1372
2133
9587
1840
6537
9744
3291
5849
8639
9451
7249
604
8049
5834
9277
1492
3424
5595
8441
2051
2428
7088
6986
3437
3989
2368
9546
9556
7085
567
9334
502
9326
4330
7416
711
6336
6977
8712
2121
7695
6741
9174
9015
5563
6506
9003
8100
9711
4027
8718
5437
7059
647
4593
1659
7837
4559
3442
8751
3353
6313
2390
6351
8777
1497
142
1879
5273
8565
2989
590
9066
6666
8397
5155
629
1566
9225
9055
4571
6263
1285
777
1926
6515
401
6026
6238
2388
7841
3410
820
8858
7253
3109
4580
11
9101
6365
8512
2728
4626
3996
490
8542
2349
931
4619
6193
9194
5201
5420
2964
9661
7921
3071
7927
9330
1769
1088
528
4315
3066
9040
3684
2963
7146
7498
2924
9643
2907
9270
940
1354
1602
7897
4925
7974
172
8108
7807
2944
8642
679
8609
805
6830
9585
5423
35
8209
2358
1062
9219
3081
9464
7423
9558
7126
1350
1505
3883
7476
8216
8127
1418
8403
4365
7123
9008
5752
2889
8126
4742
4862
3293
5089
4893
7735
7490
909
709
7192
8521
3457
4978
70
4720
499
225
4727
158
7445
329
7210
1617
2802
2858
2850
1582
2418
7527
1256
9773
7805
1257
5064
3167
6270
3845
6850
2444
6355
546
3775
6216
5042
2745
1175
8450
3901
5617
3593
2384
5958
9775
6035
1183
1543
4705
2852
314
5502
5440
9398
3129
9612
6321
269
8806
3169
5472
5021
7422
6686
6456
980
7136
7288
1990
6218
7142
7690
2674
6883
1755
8613
6400
5477
4798
8181
4138
3925
3346
5652
6815
507
9345
3891
6090
2290
9289
2180
5173
5771
1580
3606
1513
4235
9631
4198
7149
1144
472
5901
8006
2715
7836
5003
357
1217
1983
4634
1463
8529
1722
5099
5940
3553
6709
6343
770
8686
7193
249
1165
3679
9009
7393
3992
2059
8561
844
5491
4433
5079
8599
9259
4463
6003
122
5451
5769
302
6150
3572
1296
7015
8974
6194
5835
8587
886
4825
5274
3177
3383
7511
7434
3034
1136
5312
2596
2329
3102
4953
6408
4820
425
7065
3067
3343
3197
7076
79
171
6160
7024
7060
3897
1965
2556
4375
1778
4702
3104
6784
4158
3327
6588
6749
7140
7101
6680
7594
3511
3664
9033
4288
2973
1608
3171
3251
2413
1604
8824
811
9145
2550
9108
815
6403
3204
1884
5056
7758
591
2511
9714
6430
854
2856
2721
2792
5783
1058
7460
695
607
1843
8874
1116
3239
4103
5801
2775
3213
7323
7652
3391
4940
2019
5945
1476
9199
2515
1815
7048
3890
1920
2136
2307
875
6398
2334
4950
1133
1400
7047
683
8362
4209
8405
663
3447
9369
5724
213
301
7426
4473
2233
6837
8513
497
5560
8444
175
3354
5497
2106
5636
2660
4148
9637
7702
8280
6712
6926
8409
4266
6772
4282
891
5960
5984
5688
2507
6051
2422
5118
3600
4777
6893
4784
4129
7441
7135
2671
4261
8092
7727
2881
8018
3357
766
4859
6104
8886
240
4854
4632
6819
2499
4210
8388
3670
3324
4716
9097
9822
45
7410
1934
9421
8331
3965
6474
259
6346
1359
5414
8462
2486
5144
7438
6683
2901
7772
1800
6644
2926
2364
1953
648
2102
5577
7402
8573
4995
8484
4744
6283
4965
3748
4280
1065
1067
9508
7406
7533
2065
3028
4110
5228
3705
7912
4072
6380
3727
1042
1209
4712
8219
6804
2181
1404
5915
1567
1286
1268
5272
5706
9319
951
1597
3223
7205
6168
7789
2755
1275
2274
9315
696
1420
7053
8240
1044
1758
3086
6170
6345
7468
2987
7278
7279
422
2854
2754
4128
4352
6019
794
3649
8830
5897
7986
3547
7976
2426
4436
8195
2461
3689
916
3092
7240
3372
1287
957
7184
6965
796
4676
9122
493
2654
3769
3219
6929
6889
1148
3099
5475
2958
6940
1526
9702
1237
2804
1089
7362
7708
6008
9123
9703
4314
5136
2648
2631
9535
1585
8962
2822
5485
1258
2625
8924
5630
7767
6754
9513
4837
5358
922
178
397
9575
8192
2082
3195
3991
4119
1236
2257
6245
2921
3
411
356
3597
1388
5200
3899
3165
9756
6693
4093
3300
8988
3106
8085
5422
5829
8210
645
4508
3994
9721
2056
4277
4454
2466
4881
921
549
2943
4795
2581
5981
5202
2472
967
5935
8893
2977
5857
7364
2971
1192
3405
1172
9196
7209
6477
4703
5378
704
707
5644
9443
6352
4885
1584
6880
9126
8174
8791
2875
8926
478
7627
5747
6892
7718
5382
9399
1993
5297
121
229
5869
7875
3517
4904
688
3942
3862
4839
6115
383
531
2602
8643
6704
430
4133
5455
4236
8601
3870
9739
4645
7918
5669
7646
3217
8792
4207
1749
1888
979
4185
3097
9337
8224
8600
608
4639
4165
7198
2572
1503
8856
6338
8543
7517
208
9186
9503
6564
8596
378
1487
7750
5768
6729
3471
8155
8618
2114
9115
4252
7696
1833
4787
1877
3755
8365
2538
8968
4218
3557
1540
1495
5409
9490
2544
8488
3155
8316
3552
7971
577
1342
665
9543
5107
9733
2649
6101
8698
4604
2374
7286
3365
4032
71
8191
4213
1858
7127
7232
9350
566
4278
2489
3831
8069
6742
6073
1716
2797
7151
6956
6129
3137
1861
9251
7111
5220
2782
1820
8151
4764
1414
1069
2055
5664
802
8334
8175
9173
5204
6178
4592
4112
7755
8227
6262
3180
3823
5141
5053
1725
4481
6793
9582
7547
4972
5374
6995
2034
8190
2387
7812
2962
7311
7636
3192
2042
8606
3986
404
479
7648
304
3182
902
1640
4737
8394
9553
3499
5063
3567
9457
3626
8205
2445
6210
5501
7900
1020
5519
6309
4544
5478
532
9317
9054
8054
3821
5986
8948
4271
3030
4227
6429
7493
1012
4518
3663
3923
7118
4788
6440
7371
4246
4255
7095
831
483
3421
9479
4719
1335
4382
4850
6737
1031
2448
5213
8832
1979
485
413
2582
5833
5346
2801
7124
1709
5257
4861
9256
3497
2231
1531
6979
1571
351
7037
7856
7631
7158
5223
555
6460
8914
8899
8453
720
4336
5681
6638
534
7741
2067
5111
7339
2653
8352
1004
8163
58
5777
5321
1349
2737
6376
272
1797
4957
6089
1374
9701
5745
7877
2691
5846
2879
1970
1682
4193
8281
9484
5261
7589
9438
3157
2961
8608
6457
6769
1801
3035
5868
2709
6618
5354
8306
3523
6916
2831
8320
7296
5712
8963
1520
8550
6654
5395
6907
28
4452
1633
8518
9401
9403
3773
7271
1917
1919
5964
1297
441
6788
9544
5811
8783
1234
359
9665
6250
4729
5629
7068
6663
4068
8641
9683
6914
4070
3162
4379
798
4966
3867
2348
1344
7413
3245
7665
2784
4178
7843
7418
5405
6786
99
8668
4792
1739
9615
5654
3680
8404
2380
197
8649
8650
2483
2526
5104
8960
6745
5873
382
6999
4429
8221
9135
5185
2799
5923
4565
2566
4298
6658
5259
14
5299
1475
433
4137
7961
3690
7681
4909
3961
3342
8507
3634
8971
2659
2040
4320
8342
6392
8410
3652
8133
2956
9551
2722
149
3489
311
6717
5762
8879
6036
7655
6503
7751
8429
8996
7320
8916
8720
3674
1399
9329
9019
7771
2007
7513
4801
3720
8045
3477
9741
614
341
936
2753
7940
1863
3026
2661
5170
730
5077
6934
7848
1496
9383
3048
7919
6565
727
5830
4663
5977
5925
8943
5992
9165
3555
8551
3449
3947
6423
1343
1122
5108
5000
6281
7032
6074
2479
611
9295
1648
6688
6577
8628
5317
5646
4497
3835
8621
7132
1472
5736
6058
1576
8103
2567
674
7722
6349
6869
4334
2696
5236
5603
3282
8463
423
9720
8173
2614
3377
5210
6584
6431
9803
3794
878
7586
2751
9428
8778
2593
1249
3840
2540
3388
7754
4041
2457
3290
3909
640
9820
392
7685
1364
8659
4536
7191
5474
7686
80
3812
6331
8762
5939
7773
9603
4988
43
368
9355
3322
4501
7650
3361
7164
2827
1982
7895
5385
5400
8312
5899
3220
920
2899
1363
816
7883
7005
8592
7739
5123
3638
1046
9816
6828
9769
5024
3205
8559
1445
8132
9725
4685
1147
3188
5785
1637
2406
9506
579
883
4037
3928
7947
7433
2546
6482
2719
9284
5219
2482
4658
879
8310
2453
5086
8387
3456
3417
1443
435
2677
3724
4695
2184
8056
5832
7117
3799
1752
4311
4156
5054
9238
8299
469
1612
950
9571
9434
437
6479
1380
3057
7820
1215
3966
1323
2562
5814
9758
7006
4948
5018
1605
3311
5983
6082
2280
4603
1924
6919
9809
6021
9352
2616
1859
2932
2795
5613
5791
1041
6300
4457
5449
1447
1047
7340
9621
8053
9779
3143
2494
1726
1655
9455
4175
8381
6771
858
6843
5754
7716
9749
6031
7614
7451
8577
2459
188
585
3273
9012
3240
8808
4263
8833
7795
8678
2105
215
1625
8866
2833
5060
363
4126
26
3299
8848
9026
3571
6864
7160
8731
3458
7016
7252
9594
3043
2642
4725
3307
3817
3403
1465
5937
6594
1777
5545
5459
7621
6106
9159
4142
8617
9106
6180
4718
6938
1510
1369
3173
2928
8888
6824
5406
48
2399
6079
2913
5596
8339
9688
3042
8898
8834
9624
693
6673
4857
9752
4000
7345
3021
9252
7832
7814
19
3582
6672
9239
2577
9662
9567
3594
67
6877
1735
1330
474
808
7332
462
2000
6358
5152
4268
4751
9716
523
6253
8321
6748
7508
3808
2988
5139
5120
9430
7796
5743
9591
3496
5612
3536
4842
7289
3765
6678
6734
2717
2229
3722
3139
7987
6023
6807
151
2594
9781
2140
1128
983
6785
5573
747
7353
9308
2564
9525
7379
6996
806
3164
5197
5624
360
9117
6980
9027
5604
8796
8930
6472
3625
4445
1986
1408
4767
1377
4318
3095
1592
2951
4641
729
2160
7892
3915
1474
6172
1535
9545
2120
5427
8309
5732
9120
3212
9576
6906
342
4755
3345
7297
5434
7025
9799
3804
4895
9722
330
7794
7341
7717
1051
7799
4855
138
3295
2091
9507
244
8843
5062
2478
8058
9765
5728
1389
8622
593
491
7509
738
5332
1334
8340
3857
2331
6885
8906
1992
3602
9550
6075
3946
3610
1579
9424
9478
6153
1378
7233
2675
4015
4035
6399
1912
9043
4949
7087
4033
5794
457
1935
6441
1306
8753
5818
583
3431
2249
5269
7407
5637
5366
2863
87
8499
486
6442
2405
2356
3719
1760
4057
6055
5838
4242
5115
8144
6182
680
2166
6603
7910
1129
5778
9669
5481
1302
928
4140
9338
3787
3302
2420
7050
7008
9144
5433
278
2347
9134
8143
7672
958
4651
4630
1156
1477
367
2587
9444
1792
7049
8526
145
1753
8483
3015
718
3247
7077
5121
4061
7661
5074
312
1303
9539
5987
7865
1654
2615
4693
9644
1138
8797
3810
4803
7417
9064
4257
4293
7963
4455
6536
1806
7575
4031
1312
5898
3635
9311
4929
4879
5971
1264
1636
5125
9686
7458
1094
1025
3256
4961
5930
7359
4416
1559
6546
5087
2903
4319
3802
3330
5931
2332
594
6510
8193
4355
3120
9102
1868
1839
1423
2503
945
9229
4650
3105
6605
8841
5218
8019
8031
4832
3055
7778
7904
3397
5429
3341
9129
3059
6617
8285
8932
361
3708
3833
7009
9527
3865
6034
1674
2363
286
2681
867
4537
1018
4532
8937
7029
1170
6387
5999
5880
3550
1024
5609
1502
9537
3922
2284
4621
372
8917
7779
1265
