122.833548462 135.789912152 147.364662002 159.164861927 210.402504019
88.1065654447 90.1236975102 90.4490825817 114.608794778 141.579958053
58.1528958882 58.3259472265 68.2980424211 146.428345255 205.680653332
95.5697356216 96.5948195478 107.400474096 126.640412156 288.795274251
71.7716727941 81.4577808896 84.2818072484 121.010052998 240.94676018
24.4052581044 41.2040004683 43.4752205681 44.1852122577 116.947119205
70.3617693198 73.0119656256 93.35724751 114.494722948 150.772254302
38.4882724139 51.6867992248 53.2678231278 74.632271667 171.629483029
112.747169453 120.447792437 138.379133039 139.837623973 185.227626663
85.261464746 96.3745582365 103.751583797 106.700853465 128.674834354
